1358687610160386049
1373628456169205764
1389092285992771587
1421244013764497409
1425071820194021377
1462216210116853762
1479927090841411584
1480943506742935552
1485628513826734081
1486588538267193345
1487659234141835266
1520098314729017344
1536876343815983104
1537847826532933632
1538918950909919232
1545764969118978048
1548268000578764800
1549124815621181449
1550315295402668032
1554457248315092992
1559120888075022336
1582883816292909056
1589631447517655040
1590189369834758144
1590320645639766016
1617131265056182272
1635185095610105858
1637747082487529472
1639030835478409216
1720039326418137161
1732180747694616579
1738008677360239091
1764652259932078312
1803071315257254211
1843044546998853859
1844741660925980680
1846564796021485781
1851091445035515940
1851672470924988755
1857471100763922628
1862434088826855918
1867760241070514287
1880692305172267196
1880881930809508088
1881014260308074729
1881097954804879772
1881103695964000426
1881135041499251071
1881194737463607687
1881528883079709134
1882760272697569582
1883682137897099624
1885676482779037889
1885984510879129796
1889284808054043060
1894757929204813828
1895362445298016468
1898911091029409835
1899261481805566368
1904000755381760058
1904414571642962176
1904923406325473286
1909782070618210423
1910756361409094057
1911505172154442177
1914506572857827360
1927726941710250013
1928259143120630038
1929015485439389888
1940679296387109279
1941126810961653780
1941152575514198214
1943218754764075218
1944187157121270133
1947195413062111402
1947289853625786663
1947704009411993960
1953874842840633658
1954132632423588028
1955541336964382845
1962089505735024908
1964425604599861305
1968683435720896925
1969801722123166172
1977047126015459602
1977745750441263396
1978215488229695874
2027231791124492501
2040721536479588810
2040920239521804378
2040978021872795679
2041815915642417385
2042344932560777316
2043526688769028121
2044612790682575214
2046639740552872278
2054423121281900899
2054564322333131220
2056115832569413825
2059849100921901499
2059862039234044105
2061041463212056906
2062411523243536428
2064512795773894784
2065663478401274146
2066129403961282617
2066497338474938841
2067273634864157060
2067390703928496537
2067625941585494256
2067854742701646135
2067925372084297735
2068000315937603586
2068410022975922260
2068581320197021801
